1,1566.3008506298065,0.7689838974903791,0.1459375
2,1578.0256509780884,0.7863829823640677,0.118125
3,1582.1788473129272,0.8500156081639804,0.1353125
4,1597.5913405418396,0.8931045792041681,0.1315625
5,1599.7105178833008,0.9604292909304301,0.1315625
6,1603.6436185836792,0.7803447949580657,0.12125
7,1857.6451110839844,0.767133124363728,0.1521875
8,1863.0308842658997,0.7929479403373523,0.1775
9,1906.7672910690308,1.0086878767380347,0.1890625
10,1917.8657584190369,0.8219053867535714,0.1840625
11,2074.805969953537,0.8152491694841629,0.2653125
12,2135.8071835041046,0.8389451931684445,0.2559375
13,2146.0620200634003,0.8647388999278729,0.21125
14,2166.070765733719,0.8200059334437052,0.2021875
15,2197.9398703575134,0.8037436573933332,0.1034375
16,2218.5816836357117,0.7435177396505307,0.2446875
17,2263.789451599121,0.7306381448721274,0.123125
18,2277.463926792145,0.781848452030084,0.095
19,2323.905215740204,0.7338260863071833,0.2715625
20,2326.1902322769165,0.7425296703974406,0.150625
21,2381.0595552921295,0.7553794154754052,0.289375
22,2446.5386040210724,0.8011251000257639,0.2284375
23,2472.3442833423615,0.7278188574008453,0.235625
24,2492.36949801445,0.758619181620769,0.2603125
25,2553.920273542404,0.9125150136458569,0.284375
26,2564.2099010944366,0.7526127665470808,0.273125
27,2592.4754700660706,0.6313360669674017,0.28
28,2604.944188117981,0.8567625956657605,0.17125
29,2610.9764869213104,0.6870736143527887,0.3009375
30,2619.467295408249,0.8423419350232834,0.211875
31,2678.8218076229095,0.6623427936663995,0.318125
32,2729.424738407135,0.6450358675076411,0.324375
33,2749.915104866028,0.6716323678310101,0.30875
34,2775.622883081436,0.6626841303629752,0.261875
35,2777.753627538681,0.714562523823518,0.2334375
36,2812.519670724869,0.6452509791423113,0.27125
37,2821.1844811439514,0.809711353901105,0.21125
38,2849.411859512329,0.748277505238851,0.3590625
39,2875.713990688324,0.6697858747763511,0.3253125
40,2893.698641061783,0.694203162040466,0.2990625
41,2899.0177090168,0.6557839512825012,0.364375
42,2903.0368313789368,0.674993804632089,0.388125
43,2931.121369123459,0.7339863899426583,0.2609375
44,2933.278584957123,0.8388645083476336,0.2525
45,2968.1626541614532,1.0205146609208522,0.2025
46,2976.6724174022675,0.745035973114845,0.4040625
47,3255.843285560608,0.6246953759437952,0.323125
48,3489.5285069942474,0.6823060718866495,0.2903125
49,3503.0142590999603,0.6503391777857755,0.4421875
50,3519.6328539848328,0.7163800062277378,0.33
51,3530.6785745620728,0.7437429153002225,0.313125
52,3535.2142975330353,0.650346136245972,0.3890625
53,3545.569815635681,0.6800449093182882,0.38375
54,3576.4298915863037,0.8273790234174484,0.2459375
55,3616.477341413498,0.770738714780563,0.106875
56,3643.7804312705994,0.660112413076254,0.3534375
57,3661.6128194332123,0.6352685430111029,0.2628125
58,3710.4312715530396,0.6193320094010769,0.3728125
59,3736.1692645549774,0.617249492651377,0.36875
60,3787.13397359848,0.6151876487793067,0.390625
61,3830.6890687942505,0.5800218383471171,0.4078125
62,3952.6161754131317,0.5375325954877413,0.4809375
63,4040.8008229732513,0.5938907953409048,0.379375
64,4072.7932658195496,0.5067014228074979,0.4671875
65,4132.64652466774,0.6080448405864911,0.375
66,4142.551312208176,0.5569547666953161,0.46375
67,4181.581645011902,0.4731252399774698,0.4784375
68,4210.551869630814,0.521357686091692,0.4834375
69,4218.2101790905,0.49031816843228465,0.4609375
70,4234.919524908066,0.5171189224108671,0.45875
71,4285.109202623367,0.5194034270751171,0.4290625
72,4300.676949262619,0.3973945849216901,0.593125
73,4841.974739074707,0.49915057573563015,0.4103125
74,4889.490208148956,0.6103361042646261,0.3153125
75,5185.331822872162,1.8163615067799885,0.1040625
76,5523.264291524887,1.859191860908117,0.1040625
77,5541.79582285881,0.4886893882201268,0.48375
78,5561.905468463898,0.47442645675096756,0.524375
79,5583.792633533478,0.5444989861586155,0.4325
80,6159.257063627243,0.5091290168273144,0.4740625
81,6264.422984838486,0.46965299050013226,0.47875
82,6328.666779279709,0.6390142440795898,0.301875
83,6427.531887292862,0.4863741672956027,0.53375
84,6638.392038106918,0.5117882474874839,0.5053125
85,6685.672315597534,0.5048566338343498,0.52
86,6733.545041561127,0.6354125761068784,0.346875
87,6816.330114603043,0.5450056883004996,0.4521875
88,6899.352699995041,0.5746546616921058,0.43875
89,6924.153219938278,0.5687666367261838,0.474375
90,6944.30358839035,0.6753946229433402,0.3946875
91,6961.371441364288,0.36025454027530474,0.6709375
92,6972.173213720322,0.4406032753296388,0.580625
93,7016.4898681640625,0.38735948159144473,0.5778125
94,7078.977731227875,0.39952085262689835,0.591875
95,7103.557993412018,0.452189550949977,0.4925
96,7114.159022092819,0.33705546458562213,0.61125
97,7125.170466184616,0.37618415210491574,0.575625
98,7135.737309455872,0.4260236689677605,0.55875
99,7593.930420160294,0.4083044842267648,0.590625
100,7614.854354143143,0.3803648184507321,0.5915625
101,7636.961117744446,0.3730004261701535,0.558125
102,7698.3529596328735,0.6184658079575269,0.424375
103,7753.184124469757,0.6796618241530198,0.395
104,7954.1747279167175,0.5329993053888663,0.459375
105,8005.020767450333,0.5359975252396021,0.4578125
106,8020.884027004242,0.5121282851084684,0.4721875
107,8031.7500557899475,0.5387207911564753,0.4746875
108,8099.634179592133,0.547392956721477,0.474375
109,8164.222358226776,0.669862531698667,0.4396875
110,8224.247096061707,0.7956407177142608,0.365
111,8240.030023813248,0.3205678730438917,0.6753125
112,8298.510039329529,0.3802074908446043,0.5928125
113,8325.329357147217,0.3346811483303706,0.63625
114,8358.86463546753,0.46904787803307557,0.478125
115,8395.377248287201,0.38522014977076113,0.57375
116,8429.628023147583,0.4242065109503575,0.5371875
117,8442.387501001358,0.2840712704719641,0.6975
118,8456.916295051575,0.31679294010003406,0.6678125
119,8470.99691772461,0.40509525820230824,0.5784375
120,8481.645221233368,0.4732802976400424,0.51875
121,8505.277964830399,0.3856023240547914,0.5978125
122,8527.586270809174,0.25844111350866467,0.73125
123,8549.290112733841,0.3227566285775258,0.625
124,8570.870496034622,0.3900143932073544,0.546875
125,8590.40476679802,0.458583503197401,0.5028125
126,8602.88333940506,0.42493797341982525,0.553125
127,8615.18534731865,0.49777648540643543,0.455
128,8627.926069259644,0.5921361790253565,0.3821875
129,8640.76918721199,0.30498054241522765,0.681875
130,8654.156578063965,0.3226566043419716,0.6571875
131,8668.63689494133,0.35890151713138974,0.633125
132,8682.878106355667,0.36196107818530154,0.6196875
